2.075157314602129877e-01
2.078039183322793193e-01
-4.820616326630210169e-02
-7.374211628972102139e-03
2.530776581245862134e-01
1.130570534905339375e-01
-1.631037651835537949e-01
2.647000068561748687e-02
-4.536106978428698644e-02
1.530366948941064842e-01
-5.331678505098506049e-01
-6.657131111098858467e-01
-2.386783694948168555e-01
1.389731799636689247e-01
-1.412714149835794242e-01
1.787298825195183516e-01
4.584891159412904926e-01
3.993675417437858588e-01
3.810266944805494882e-01
6.025438756429959408e-01
6.839870948717923227e-01
6.201417558293369492e-01
7.905215398599645393e-01
7.289854987731235747e-01
7.669425847771628169e-01
6.848314004244003828e-01
8.459707005513682487e-01
4.085735450637759114e-01
3.796326135965644721e-01
3.052842119202812676e-01
1.380809126083677174e-01
4.605889017262359553e-01
4.294314521153212438e-01
6.205284109874672493e-01
4.864220752528057301e-01
3.859625037340392861e-01
5.849266703921163213e-01
4.684296407871497703e-01
5.002906714238835040e-01
5.174530228523397390e-01
5.960711815296640959e-01
8.402040676560147414e-01
6.706117161091563750e-01
3.706270180189228935e-01
3.305686958901554728e-01
7.277592361684941114e-02
4.358628777828612022e-01
4.593288894897943342e-01
5.828548291743219645e-01
4.896086952614374654e-01
4.346080779151875184e-01
3.541394443351720822e-01
-9.149953971431645794e-03
3.395193888710340002e-01
1.776576328365505053e-01
3.085116066149244385e-01
3.433035942021003817e-01
1.035413752142016752e-01
6.383488294721116896e-01
5.540727117356442077e-01
5.912870208604642519e-01
1.375188555253596956e-01
6.484145283060217813e-02
-2.641267786563002151e-02
2.247882577494775824e-01
-5.170932697053882976e-02
4.557881007075132579e-02
-2.760767854537204968e-01
-4.864460697409332401e-01
-4.702027941127578381e-01
-5.439745343359558838e-03
-3.303089784320459854e-01
-3.660031747085933096e-02
-9.020473316097800398e-02
4.485311014158308573e-01
-5.864649056064157040e-02
1.613816469027687939e-01
4.908020911707540734e-01
7.515140667457027579e-01
6.834619833595648730e-01
6.406689374076486310e-01
7.991866970990014751e-01
7.460188387808854849e-01
5.368398611015825495e-01
8.116459108018052593e-01
9.993546972531037742e-01
1.022790613228653056e+00
1.027643328671210776e+00
1.022737743042415826e+00
1.090740486905638296e+00
1.095890282819151462e+00
1.065178571982713596e+00
8.519038117984439884e-01
8.875556789115760514e-01
2.171390883912579506e-01
4.055882176876520750e-01
5.804885620241538868e-01
5.835940477805814375e-01
6.800819495903482892e-01
6.048369321434281520e-01
5.970906638548368894e-01
6.833901605782211064e-01
7.812968537648383727e-01
6.109791248147418141e-01
7.742196108635061025e-01
9.508707971666717773e-01
1.016026467132462363e+00
9.756682383820020066e-01
1.085608185012869153e+00
8.568543145651010828e-01
9.787890972408678225e-01
9.078572334753506334e-01
1.091222532910476106e+00
1.400701106810002261e-01
-1.872581858159235724e-01
-2.629980236832754614e-01
-2.755837156080171990e-01
-1.900713625018921604e-01
-1.138205311965542893e-01
1.665671472341198611e-01
2.775123074985982319e-01
3.251181878414469151e-02
-2.215036964941050623e-01
1.783846681823321734e-01
1.681108659901382751e-01
1.986994915651689175e-01
4.342947308699001696e-01
6.466644378662633752e-01
8.254233969160921225e-01
6.075579374395275734e-01
9.202701924276720513e-01
1.201229581015909265e+00
1.132556863632185218e+00
1.150026614880528042e+00
1.138571674371422260e+00
1.340394769161192379e+00
7.117396387009564673e-01
8.677155797357888334e-01
1.148892430811125909e+00
7.072724267224850259e-01
8.234698128018712593e-01
-6.439015690762609490e-01
-8.588953996133255053e-01
3.970552258857900640e-01
6.681580141802216932e-01
-7.832060441753788682e-01
5.335830087706939784e-01
4.922102284426262964e-01
5.297476828935360205e-01
-1.837409021892200123e+00
-3.070005274803085271e+00
-1.641249128371681243e+00
-1.102351449540408090e+00
-1.909324999731402572e+00
-1.720129108457026046e+00
-2.525574138510433553e+00
-2.171540130190120710e+00
-1.757789278706314962e+00
-1.661995871653867862e+00
-2.495057843985559298e+00
-4.058371468745407995e+00
-1.694043388443267295e+00
-4.688918607037546038e-01
-4.323741588434380778e-02
-2.036252876524184408e-01
1.290043921168458618e-01
5.038380345170935248e-01
4.517227970381101909e-01
6.141085292289831798e-01
7.535865036340745338e-01
9.146793971783154786e-01
6.521466247400271588e-01
5.603397137319285903e-01
1.099826075903907130e+00
1.143910332688073517e+00
1.048707950168462189e+00
9.361579813398608341e-01
1.136400727936248689e+00
5.959725403444045000e-01
9.789999171144264656e-01
7.514389719047493976e-01
1.153670091867083469e+00
1.184644090525063254e+00
1.548581910076635149e-01
7.946302310016104542e-01
7.068452609117439334e-01
7.602743794022506219e-01
2.486405912436197574e-01
6.975834104200827612e-01
4.234591214806683324e-01
5.406158584823813618e-01
8.098539069253858358e-01
6.437479699192921734e-01
4.847060939234960064e-01
5.613839457029181634e-01
2.738397747856254894e-01
7.117122162932416896e-02
1.935960969565498901e-01
-5.990678383396441653e-01
5.705782263575340935e-02
-2.098104090807865751e-01
3.701838283356648218e-02
1.873092554727014969e-01
-3.780899908110663676e-01
-3.382195316665131402e-01
5.398523495365630670e-02
-2.609469148726022980e-01
-1.028691765394574437e-01
-3.299571500518859168e-01
-1.140163366316281568e+00
-2.588051267092584151e+00
-8.461957621638074301e-01
-6.643972572923789732e-04
7.289820696388674137e-02
4.891432453106844824e-03
3.391242066056382454e-01
3.672779355633968290e-01
3.499553271499592499e-01
4.055625229349392180e-01
3.083219259929874112e-01
5.973063539082884565e-01
8.382064153414990892e-01
9.180393956821276957e-02
-2.163387167911547504e+00
-3.303673479210991193e-01
5.112613747685470500e-01
4.418642286266219465e-01
7.731040130927980814e-01
5.651696897115167095e-01
1.896114433572259061e-01
4.019668210946414355e-02
-9.727172220425368554e-01
-2.081021532143383812e+00
-1.533745518996847634e+00
-8.791235933227161681e-01
-5.903526839190901265e-01
-7.156490972419090602e-01
-5.057697703069936879e-02
-3.415548439151312732e-02
7.365766704987435076e-02
3.815843437115562509e-01
3.674412087654992942e-01
-6.794585299872054618e-01
-1.760393761251680900e+00
-1.512513989687250815e+00
-1.268530178742957926e+00
-8.839767644471488994e-01
-3.664968307757946464e-01
-5.446477374833660345e-01
-2.241097995918658881e-01
2.756390219007083808e-01
5.968667564496213940e-01
1.162815780771810775e-01
4.214089161731907063e-01
-6.950886957173555425e-01
-4.693470938925504987e-02
6.524623118607575378e-03
4.003754154227625595e-01
-3.181382226572339045e-01
-1.253309247759433476e-02
1.215391058387070566e-01
3.718904739320307296e-01
7.376302424535663427e-01
3.699851513418621063e-01
1.035258453155767089e-01
9.713848904304968057e-01
9.506622205169065198e-01
5.058338794803951544e-01
4.192138505072641741e-01
-7.133604981952192114e-02
5.494492165869142575e-01
-1.050142395574364812e-01
6.791534463433490654e-02
4.198018282918026395e-02
-1.514513657656904044e-01
-3.847049867546027957e-01
-1.493919961316436673e-02
-4.458625324070378260e-01
-6.719077230982479776e-01
-8.908989470392453258e-01
-3.033877721151468920e-01
-7.336518091516901485e-01
-6.442572840484894758e-01
-8.053457063901158230e-01
-4.570591825129089458e-01
-7.260205045590740758e-01
-3.332227283655038730e-01
-1.269089618938928909e-01
-5.466567101986267996e-02
-1.059064479606741438e+00
-3.013563686077534443e-01
-4.915982559782678396e-01
1.953438469342194672e-01
5.243437895729015086e-01
1.265857726620681911e-01
3.471464127379290665e-01
3.135884865007956823e-01
6.286660761407806275e-01
7.476517039249481744e-01
8.559436735725693968e-01
3.998609583074764218e-01
7.216329126284416473e-01
-8.579402462709800892e-03
-5.394690329806257623e-01
-1.236937976925699179e+00
-2.082103076514243423e+00
-1.146663866767821061e+00
-2.527149277160889440e+00
-3.129237194650717480e-01
-2.714068977919142700e+00
-1.467807359682413049e+00
-5.125075394665623563e-01
-5.425748211368284224e-01
-2.414159255161474893e-01
1.287737791185968594e-01
1.634335159052042741e-01
3.649197496329862900e-01
4.043050591583528530e-01
4.246262141205316420e-01
4.285270151107318237e-01
1.338247769028452772e-01
3.158832526052455791e-01
6.231011520332734310e-01
7.014456833840989614e-01
9.917267749126191800e-01
4.494912600286610771e-01
-2.105533290779430189e+00
-4.984168282020964846e-01
-7.699655771539080928e-02
-2.404871454518714646e+00
-2.609611682996287874e-01
1.657586705349583245e-01
2.406153897107917716e-01
2.837936425100988092e-01
1.801774450238420588e-02
-2.532939002279505636e-01
8.514045176492569811e-02
3.856968152011783224e-01
3.162094725968078723e-01
1.779283506551926908e-01
1.992298591718515977e-01
2.330250674510722653e-01
7.560771910979987576e-01
7.904048691903696744e-01
3.597048991140525676e-01
7.733323791753363707e-01
7.967383645116986601e-01
4.513737126604484007e-01
5.911486451310469237e-01
4.632362447187511889e-01
2.605199763901422938e-01
9.631782840534784673e-02
4.607307751036693322e-01
6.012481945551271245e-01
-5.491146313145300883e-01
-3.556394758964932790e-02
2.436262567253966727e-01
-1.640449640329134651e-01
7.305351297513697217e-02
9.006033081998668921e-01
1.066290702886304231e+00
-2.472337992060945344e-02
3.599661167782715054e-01
6.544348270580619964e-01
5.564631012596801263e-01
9.262205369526911314e-01
8.781578023800330479e-01
5.747784922627150461e-01
2.141508670774817102e-01
8.600413481175189778e-01
1.524535856516259225e+00
6.589828221538537312e-01
9.414227919732405248e-01
8.909701378673028360e-01
9.844044302346743880e-01
1.041536396451685276e+00
8.628379344088107361e-01
1.001524884731549658e+00
9.864721581353187441e-01
4.528495607057010930e-01
-3.163164977587194782e-02
3.719994064239295906e-01
6.929279356157653780e-01
7.261396295750399688e-01
8.465991149145568606e-01
3.873663488075051453e-01
7.888779790119977431e-01
1.007702679838122117e+00
7.951736678229560651e-01
8.380101336873254647e-01
8.370120759386043829e-01
4.601164680109020577e-01
6.675902472855017589e-01
5.767573854990161175e-01
7.910524034944859118e-01
-1.604723171568696594e-01
4.044843846675222343e-01
7.301029413596599182e-01
6.358107616592292288e-01
5.287016836511075901e-01
1.801320173621073772e-01
-5.854730828654094443e-01
6.258148745778971400e-03
2.986089841152304025e-01
5.221749369099846216e-01
-5.680821959049496550e-02
1.692801432998563005e-01
-7.889077733186561359e-03
-3.017030528147602308e-01
-1.598233429265058847e+00
-1.420309535011283764e+00
-4.122081764492803724e-01
-1.132134794799518757e-01
3.868677405134432479e-01
2.197240283602743816e-01
-3.392867080119462697e-01
-2.958654403389940901e-01
4.779070697514212901e-02
-2.693143204804917534e-01
-1.609380689527160957e+00
-2.266358516909393050e-01
3.351749143918746066e-02
1.277684653990299735e-01
-1.061435753920300540e+00
-1.143848255666651381e+00
-1.374235643894196279e+00
-9.958972277498232550e-01
-4.841818924582615424e-01
-9.138811922312100045e-01
-1.627020521267304565e+00
-2.138845940477916763e+00
-2.166584748801175575e+00
-1.763231801882091609e+00
-7.090497010446462633e-01
-2.419449662327063932e-01
-6.874581608538037070e-02
-2.115766151390204852e-01
-2.627568006498101072e-01
-8.436694324998231798e-01
-5.486155111712557320e-01
9.767985686230651332e-02
-5.698356493735881045e-01
-4.694148272620317086e-01
-3.370866903882072663e-01
-5.222200386702791075e-03
5.137754598904645809e-01
2.497922979821270983e-01
-5.205719123827966532e-01
-2.402679811263713217e-01
2.221770889526481496e-01
3.632829429269426313e-01
5.162440930788143589e-01
5.491816758789096475e-01
5.914588219443285277e-01
7.906713813541983438e-01
7.363609282070746609e-01
4.855805972055159403e-01
6.737157805367196550e-01
4.238652592375504180e-01
5.019793936025755965e-01
-9.631910810914428023e-01
-1.855927929986063818e+00
-1.183792636397827280e+00
-1.196981617561795330e+00
-1.764537144443813599e+00
-1.093605973641421869e+00
-2.047599401453045753e-01
-7.646559587479082598e-01
-4.926169402121540197e-01
-5.289140062044166424e-01
-5.543976916446132774e-01
-2.145187021991993515e+00
-1.310145286676893894e+00
-5.511395654045952996e-01
-2.296612217016755220e-01
-1.478590424859336783e-01
-1.335668007486230380e+00
-1.340265367230846882e+00
-1.094784476527655537e+00
-1.718970823030092188e+00
-2.037006048188571672e+00
-1.251037076898343425e+00
-2.371222963947936524e+00
-3.437705907436711339e+00
-1.205234516147578816e+00
1.250715973456252572e-02
1.961577571468492986e-01
-2.930997371934572493e-02
-1.432614546866329830e-01
2.886229379396682004e-01
-1.895215726244049992e-01
1.398256576110013527e-01
5.871009828592704816e-01
7.134848604695914753e-01
5.255261287544031878e-01
8.420585523583011822e-01
4.919725724098785724e-01
6.956151876493203989e-01
5.305332730871089586e-01
3.549724953630747915e-01
4.955770723928096255e-01
1.536393502322239146e-02
-1.568699844777921459e+00
-5.709768351522476193e-01
-4.140405464798866952e-01
-7.916208419869626145e-02
-1.761475735722176639e-01
-9.382888027341667048e-01
-5.791548691472673260e-01
4.153624943684519066e-01
-9.741244782047894790e-03
6.654859504052671459e-01
8.448261854476667443e-01
7.758212101908408542e-02
6.140851838952832153e-01
6.819970485167633489e-01
1.020072461583509504e+00
1.115577226316337045e+00
9.831886849644358994e-01
1.079422878511948847e+00
9.197723350680898635e-01
8.754023512681468056e-01
7.170670957686534619e-01
1.218784461555390275e-02
-1.310457461958746350e+00
-8.399242357166190054e-01
2.421003851162075171e-01
7.497048437023344780e-01
-1.434543037136098098e+00
-5.752794144439847823e-01
-4.248478506516856767e-01
2.067121778383438357e-01
3.786515022034155908e-01
4.702302574638766997e-01
-1.563864611636855750e+00
-2.347965580824532328e+00
-4.071202165643053594e-01
-1.762245662126161738e+00
-1.171602623857851411e+00
-1.928189215212671170e+00
-3.530267324410155005e+00
-9.825241521888570251e-01
-5.758670028800993990e-01
-9.060599312314332465e-01
-1.483687291426548649e-01
4.182592485817271388e-01
4.285491629685896364e-01
2.364426363943079867e-02
3.634330527218089246e-01
4.449015793184746825e-01
-1.148452929118689569e+00
-2.960763950873223083e-01
-9.403181065312889164e-02
-1.134193826820631551e-01
-4.911985174798561560e-01
-2.109205263106294748e+00
-3.552515332864831343e+00
-2.238528117914851290e+00
-1.536171343013289059e+00
-8.686240082764862258e-01
-3.276736863239158581e-01
-4.075927145872952351e-01
-2.257438037586252388e+00
-1.271553022205522909e+00
-2.049366393756860139e-01
-8.103340405003707503e-02
1.797545225239910449e-01
4.897739525728613263e-01
-1.932440068567420344e-01
-8.702111710010905776e-01
-7.806217509223193352e-01
1.975060474566202040e-01
6.344948312657778811e-01
3.463246624111114280e-01
5.779317768794570709e-01
-1.450333461295510995e-02
4.336928632408775797e-01
1.697615925260204661e-01
2.938333089379591700e-01
9.380298450676960442e-02
-3.186839590621796670e-01
-1.342313233829673047e+00
-2.151412036103254710e+00
-3.822909452822792709e+00
-2.597545595224799886e+00
-9.934099716972180083e-01
-7.314139092427512923e-01
-1.784142038423537358e+00
-2.068538080126248513e+00
-1.049061320910818385e+00
-2.061583036209978292e+00
-2.946698380076776758e+00
-1.803317923195509653e+00
-2.273702485222228287e+00
-1.393898236161951187e+00
-1.520708909340486303e-01
-7.965340394033627591e-01
-2.661313562394905796e-01
-2.909887424812102052e-01
-7.194547016042807108e-01
2.313922284620109626e-01
-7.177585149920605312e-02
6.827628722349210477e-01
8.169661705930073570e-01
7.372145521834863047e-01
2.739746872637543462e-01
-1.437158959353967425e-01
-1.068741543361984014e+00
-2.241294034695357484e-01
-8.402593651922053708e-02
2.338737611306673236e-01
2.347777718022023286e-01
-2.064396544264308631e-01
-8.815476806903927987e-01
-2.582106513937574732e+00
-1.311539025695297678e+00
-1.546793179007296182e+00
-1.435009541503303732e+00
-1.053314790802943657e+00
-1.404834044171615615e+00
-2.576626213465705639e+00
-4.196864344046958628e+00
-1.521071547437585103e+00
-9.276367973635024633e-01
-7.723601857858702902e-01
-1.862741614703347093e+00
-1.184821695190975799e+00
-2.211858177506414336e+00
-1.794829160981726179e+00
-2.044802316717166946e+00
-8.937768551326475963e-01
-1.106779033699672787e+00
-1.492621531637836396e+00
-1.453861172769370214e+00
-1.817838898909240664e+00
-5.351402029071661293e-01
-5.691323644471478482e-02
3.794174137456309270e-01
4.723332155525735709e-01
4.296389544238824465e-01
3.332394824271463496e-01
4.939809520819428701e-01
1.964481379559496754e-01
3.333188871908595030e-01
-6.821057142316856448e-01
-2.772095451071579841e+00
-1.948891848502872337e+00
-1.018627896349574291e+00
-1.380933305801643307e+00
-9.477417342706162540e-01
-8.144646029625263184e-01
-6.434037497904425695e-01
-8.708656635025856518e-01
-1.061083911668852631e+00
-9.603921269421458184e-01
-1.766891602280821649e+00
-3.037609757512492070e+00
-2.802155531224287621e+00
-2.073422786117803618e+00
-8.501634847614422119e-01
-5.117316992705678302e-01
5.128578578742007399e-03
-1.783037741091157979e-01
2.631289301161186811e-02
9.019431925281898299e-02
-3.923436501507149288e-01
-1.565545537136402154e-02
5.858824463570504876e-02
4.239275516548953182e-01
2.118160560286673211e-01
3.998867438819575515e-01
1.548825546092559569e-02
3.581722032962808555e-01
4.076384148877217894e-01
5.703245978504883906e-03
2.514782162278718647e-01
3.770966679155221546e-01
4.640717100489877289e-01
-3.204084034882903609e-01
-7.377449390370414972e-02
2.303717238845138793e-01
3.392643762258555351e-01
3.322073582630956645e-01
5.489677505281611580e-01
1.991520803441235721e-01
-1.822102044187445813e-01
-3.678185238090641573e-01
-2.160313841577864991e-01
-2.599122000417292688e-01
-1.991276078412892447e-01
3.694657957630542167e-01
4.565650133413808875e-01
-1.781011298105213969e-01
-5.086127827262860723e-01
-1.787122643680108425e+00
-1.037032536484849415e-01
-2.189569109890004417e-01
2.699561283810701928e-01
3.027726264965476255e-01
9.316618219189254368e-02
-5.682762377959393874e-01
-6.114776278173406077e-01
-7.708998843151492197e-01
-2.164320887998555376e-01
-3.485415257257796773e-01
-1.092695038679162706e-01
1.757308265319031948e-01
3.525405059645057571e-01
3.589544221371328003e-01
2.631748974242933969e-01
3.346009838868140851e-01
2.436003198452732499e-01
2.267309752348802832e-01
7.324122024660387198e-03
1.601576213724222875e-01
2.089135414209555841e-01
3.549708151122586974e-01
2.295310059215885934e-01
-1.867934493294227671e-01
2.520824201220027705e-01
4.349294775455164186e-01
2.575008733551381046e-01
2.558469657519277241e-01
1.242275992906811538e-01
4.410203637238712671e-01
-3.872732331340898726e-02
1.934768991480659284e-02
3.170882991971310516e-01
1.091664841853983575e-01
-7.165937808002238452e-01
-2.253238513860327252e-01
-2.583144395473280786e-01
-4.332629190308225076e-02
-8.963526719492631578e-03
4.039495782002683333e-02
5.095968737636471374e-02
4.631560816027247701e-02
-9.555919287041360344e-02
-3.571209746702704857e-01
-5.279423488123963226e-01
-2.537578984615523892e-01
-9.416352902256659441e-01
-5.336666061082147305e-02
4.636441132373768648e-01
5.154723562648932944e-01
1.640316033998238943e-02
-3.153741509920577890e-01
-1.036943662299272706e+00
-3.534338666775508342e-01
-7.945793062011717589e-02
1.532293901379901957e-01
-2.290058423206918492e-02
1.462720870912663507e-01
-2.637376181552967269e-01
-2.005619610469870917e+00
-1.608572296042454886e+00
-5.523833763993302171e-01
1.342226312656600862e-01
1.234857023842312052e-01
3.692999607631989867e-01
1.003855115048957886e-01
1.647783679414777103e-02
-1.130341286862491107e-01
-1.018806189025397990e-02
6.926493697743010824e-02
1.169753153606230278e-01
-4.448247209278882175e-01
-1.000634512996479097e+00
-1.673555387066923417e-01
-2.994115615899093918e-01
6.504103679589669229e-02
-2.906079894379770545e-03
-1.908377412892039438e-01
-2.250449689505902573e-02
2.095943757070861668e-02
-1.986120092854453789e+00
-2.033186530686512228e+00
-1.574630956218893818e+00
-1.441371979418030191e-01
-1.151278866388178584e-01
-9.981418899411780010e-02
3.449945924824861510e-01
4.031411695608155266e-01
5.021260001681081553e-01
2.470168200939538150e-01
-2.517857173513113334e-01
-4.253098199897737408e-01
-1.246821301427522982e-01
-7.368228575312752993e-01
-2.184769423614534745e+00
-1.435360943844841586e+00
-1.206265443025875905e+00
-8.173478592741387772e-01
-1.407713369932777958e+00
-2.758081489563068533e+00
-1.527832466747506279e+00
-2.521049266075691797e+00
-2.633909013566237967e+00
-1.092056795521537893e+00
-3.454845399452097232e-01
1.803281439012121845e-01
1.995900120805441103e-01
3.860914092319186475e-01
2.877078282631408412e-01
1.919162626054707332e-01
-5.192834536696691039e-01
-5.994240792785794358e-01
-6.548742307937586993e-02
-2.617193042008526815e-02
-3.049151433402682021e-01
-1.576500219647721357e+00
-1.088986679313524331e+00
-1.529748389115787033e-01
1.147898717079374464e-01
4.323709090478155548e-01
3.979889220959789142e-01
3.724103452061236497e-01
5.796763856064151010e-01
6.787234152937544618e-01
8.315184647527802397e-01
7.563918401831266625e-01
4.548360882153185125e-01
6.392764533995639598e-01
6.583164002062104059e-01
8.330876769668515980e-01
1.166511204559812637e-01
4.714940885907271118e-01
4.219043823534237014e-01
6.170176039450727679e-01
4.385025339350294704e-01
3.816350738724646474e-01
3.084181836753909778e-01
5.277751172181848194e-01
4.787014901351998586e-01
2.366382376835043932e-01
5.473467465751868932e-01
1.431874831331269304e-01
2.079785208320128476e-01
2.817043234563720300e-01
1.063554332417162435e-01
3.723540814338648364e-01
5.903157111669606882e-01
6.117877778563499680e-01
1.814372460345457516e-01
-2.926971683422562309e-01
1.250832153112440837e-01
-5.023163328989618259e-01
-2.022347547447197691e+00
-2.724771413944115483e+00
-9.974866638558184118e-01
-1.242590326332231321e+00
-2.731331476366785971e+00
-3.257142738238491653e+00
-7.733894363706720343e-01
-1.363101174756509160e-02
-9.238820504413126911e-02
2.902096919902124039e-01
3.511611716690542506e-01
3.325579258014277340e-01
2.488670891409070496e-01
-6.090304100584198466e-01
-5.916774550598202786e-01
-2.027485490458211248e-02
-1.225710626216970633e-02
-5.592764530108461363e-02
1.606204518476261334e-01
-3.049891200192150764e-01
4.990025314744186979e-02
1.951204380769027691e-01
-5.121785284468639565e-01
-1.659158012650022940e+00
-9.425398044525914454e-01
1.668596778073541120e-01
2.983306822793879709e-01
2.093936835884446235e-01
4.416190563664795232e-01
6.112186735696673034e-01
3.441418437529730756e-02
-1.145225751847538165e+00
-3.195624231022251571e-01
4.977522509539979156e-02
-1.094262312554141081e+00
-2.576556348403915009e-01
5.677204213744842937e-02
-1.075046953185424398e-01
1.788529473387057978e-01
1.917431952403698125e-01
1.968320110674867118e-01
4.525269825562612813e-01
2.536675148984503525e-01
3.291278579757740408e-01
2.994466616280147542e-02
3.213425179211099048e-01
1.202769048073266400e-01
1.371497975567134708e-01
-3.707616953791752212e-02
1.799065123006544087e-01
3.000965494793702004e-01
-1.239495955177140285e+00
-2.455885528317121036e+00
-2.623272383718985523e+00
-9.995090123247463154e-01
-1.481454698704498307e+00
-2.213585092593512438e-01
-2.825001804647938042e-01
1.007963758566130102e-01
8.174926606301757825e-02
1.661745444191016219e-01
-6.799727020849004322e-02
3.508117645314834387e-03
5.817881808820854483e-03
1.035666484308042923e-01
-7.320633982203611501e-01
-2.714878035754842434e-01
-4.013214403181017409e-01
-1.190440620241069114e+00
-2.315205520196398581e+00
-9.394897896428531237e-01
-3.986182299856805833e-01
-6.026639341809268968e-01
-4.222111662493163720e-01
-1.808451979711019009e+00
-2.259828050800693156e+00
-1.567374477335634841e+00
-3.909276711140327043e-01
-4.296822320101330583e-01
-1.206277156416748070e-01
-4.063838301061634684e-01
-3.751943902841448075e-01
-2.528721600890516119e-01
-3.497526375730779236e-02
1.276083886254374966e-01
1.501579666680254999e-01
-1.127679624347306619e+00
-3.125962774850831183e-01
1.308813355614673601e-01
8.983129685391806618e-02
3.804275973375016440e-01
-1.831299453467843397e-01
-3.915097460657272488e-01
-4.875588762796578268e-01
-8.061219536387296269e-01
-5.324727314419687163e-01
-3.048788100730016049e-01
-3.257462197979186236e-01
-5.435175164856849150e-01
1.089416215877226646e-01
-1.703868759393327159e-01
3.616778724203075779e-01
6.903087878625495666e-01
6.182984782001960111e-01
9.319188534946114544e-01
6.694125208580972153e-01
7.828941731673774163e-01
5.419653058449895866e-01
9.480309443050484453e-02
-7.025884137185055278e-02
9.825960005528011632e-02
-4.109319225648946916e-01
1.407798069943106412e-01
9.472847743412747545e-02
2.471662697774463791e-01
5.382437110585756024e-01
3.845479878382416228e-01
-9.676617656299912884e-01
-1.512630255735978757e+00
1.816745445231710554e-01
-1.173059642360162469e+00
-1.027182014546123678e+00
-4.573896267030706508e-01
-8.041217826742340646e-01
-5.288319704680487510e-01
-2.625003438376276310e-02
-2.831505082425384012e-03
-8.069693267196438591e-02
-5.535430632831198627e-01
-7.856416956749031621e-01
-4.573233891549209340e-01
-1.625796741264498912e+00
-2.705058417914819380e+00
-1.462695421300197252e+00
-1.743876867136788245e-01
1.608360790661861883e-01
5.374369861781627677e-02
3.580581784026699022e-01
4.497635460465838064e-01
5.938982735666481494e-01
5.835545900998074798e-01
-2.324921760424790151e-01
-5.857583607230832934e-01
4.162789708078730444e-02
3.338468408043821500e-01
3.079473146745000389e-01
3.165513884347254669e-01
-5.917533877099540041e-01
-6.783849678223895230e-02
-9.677646776284255792e-02
3.178245702958762964e-01
6.464221038333922698e-01
2.796469323923860273e-01
6.276747598547079976e-01
4.702481419301918764e-01
4.387618160009962298e-01
1.693667715260993856e-01
-3.365983183053904981e-01
-1.881143509866939345e-01
-3.180471385093371905e-01
1.575995709218416529e-01
3.435124857580337809e-01
6.912167714817103459e-01
3.827973906628563405e-01
6.725521638734288654e-01
7.871364961572749896e-01
9.794740919311721861e-01
8.800727210196576111e-01
1.055614954685651030e+00
1.100827336647068444e+00
1.045576099543681775e-01
8.576337171701933215e-01
7.017137493557622507e-01
9.876640777466699772e-01
3.705652885948956254e-01
3.826928946813742405e-01
6.629704752071479135e-01
3.337591527290319493e-01
1.058149282456023466e-01
3.692396815230042373e-02
3.886694999222506386e-04
-2.405440798874281860e+00
-1.379413679903904288e+00
-1.488826231464088767e-01
-9.194198668321797163e-02
3.050947075134236575e-01
4.986385344420861676e-01
6.235348666852780219e-01
-6.046459459519425428e-01
-2.005799781983899965e+00
-6.114426397796376422e-01
-1.288980164429857966e+00
-1.583350951789812777e+00
-4.497016159316952755e-01
1.992837866512326972e-01
5.989422464637204069e-01
4.387671996293948107e-01
3.485636266935635552e-01
-2.931335914486999372e-01
2.678170190071101353e-01
4.019424678631658421e-01
3.214673200642341744e-01
4.503197828047755258e-01
5.167929254398723193e-01
7.742264505865988911e-01
4.858585051088362694e-01
2.775737690858319506e-02
2.961541798869023467e-01
-6.262648341258671980e-01
1.383970723110069523e-01
4.527112318444991845e-01
1.825462131462153859e-01
-5.278175903800484958e-01
2.945873416822986091e-01
4.389740121905563175e-01
3.832275263563371670e-01
-2.328449382530466960e-01
-7.076378715580255996e-01
6.209926582551713592e-01
8.612305045127319758e-01
-1.473559758305217904e-01
-2.925305930234012863e-01
3.136751160403050687e-01
7.619505192847079167e-01
7.509485489530114410e-01
5.751573953371138526e-01
-1.779571838602210798e-01
1.483785958227250845e-01
1.127764859855596574e-01
3.646830363259767616e-02
-1.054653148550920072e+00
-1.353672540848291916e-01
-1.383728090497893248e-01
2.470065673549321494e-01
2.185767102478272661e-01
-3.778426436736231908e-01
-9.691410348469817748e-01
-1.422427051574066126e-01
4.341054787777239299e-01
5.258483769696409293e-01
5.343374014368117431e-01
8.500547543660529337e-01
1.218601478638967617e+00
2.278527157442367668e-01
6.765782633764749754e-01
-4.899490622472633949e-02
5.901830677452178930e-01
4.952211950939237883e-02
9.046451050635599955e-01
5.225102387297733131e-01
-2.330765979338809690e-01
4.119368643652018824e-01
4.298167450851116955e-01
2.539111532754697031e-01
5.105429508914065551e-01
4.941297279796503378e-02
9.633695608983006142e-01
1.067710234558957749e+00
1.628785830717447425e-01
-2.282678727438412492e-01
-7.332522077450275289e-01
-9.435387438856006614e-01
-5.823302227542729304e-01
-6.938877138071349870e-01
-1.987068648093069656e-02
2.207673438326757109e-03
2.536984918629412999e-01
3.083219725798007627e-01
9.722240933423842435e-02
-2.558272518318495115e-01
3.395406527428156407e-01
3.497112492271378104e-01
-1.223792805798391836e-02
5.116008763538737458e-01
1.036926479721872324e-01
6.186073634972848456e-01
2.684880544731662044e-01
4.768359655982000178e-01
-1.283892878487195577e-01
-2.750852278596250811e-01
2.125413026870248689e-01
1.922477400164692152e-01
2.753921778222443995e-01
-6.385312341996181307e-02
-2.162655751057113163e-01
-6.766218927084489965e-02
3.453355128008688268e-01
4.420179614480414521e-01
7.739341021502227358e-01
6.508983220377296819e-01
5.782774814891804560e-01
7.931173666231836616e-01
7.979931733838374619e-01
1.223627797321380717e+00
7.883221071418955450e-01
8.694920631277681666e-01
-5.687290731742430383e-01
3.012281189405309201e-01
-4.480943277917431300e-01
9.200720240823009877e-02
3.466166255830254173e-01
6.110616804636798127e-01
1.308431295789390381e-01
-3.960920666939770074e-01
-1.364494247561147899e+00
-5.533781260719554673e-01
8.529245561911373563e-02
2.907996882574465092e-02
2.168871089594958945e-01
3.109393117908052506e-01
3.580786058404070160e-02
-5.105672809025214864e-02
9.714190361824250053e-02
2.582185685892968707e-01
-9.836324998973587641e-02
6.097125824830289531e-01
5.794542148929449077e-01
1.141362633229906720e+00
1.114011233750222818e+00
1.160996263781122639e+00
1.077469705249541665e+00
1.666777734677502010e-01
-1.176933596693529177e-01
5.488577637726835268e-02
1.414600808972350798e-01
2.009552946928645500e-01
5.080266070692396330e-01
7.251511493209041870e-01
9.812038421744208039e-01
1.089988537925092649e+00
1.154339598240035736e+00
1.084745241104980273e+00
7.691627540610080915e-01
9.597866892080101353e-01
9.832970017511043492e-01
8.635540209761153330e-01
6.669326644975162033e-01
6.680765798418928370e-01
4.772944048014385321e-01
5.504119245671565963e-01
7.100322970471913964e-01
-2.073571885354095756e-01
1.059525528254135762e-01
1.614751068045455762e-01
-2.979269954363824024e-01
-1.035664900344299005e-01
-3.106284229265461883e-01
-1.088734347006402731e-01
-5.884452587330406548e-01
-7.206886452919124275e-02
1.462283177796502021e-01
3.634203052505830533e-01
3.008280111011737423e-01
4.773619855875790158e-02
1.196535554080425945e-02
1.616955369767712203e-01
-2.173929698701059232e-01
-7.582894639376682733e-01
-1.401239309753297135e+00
-9.230051748216585583e-01
-6.799173855083997520e-01
-1.744124036197869376e-01
-1.500481708493470179e-01
-2.680020103363031647e-01
-3.558180379021855244e-01
-4.232694039885642190e-01
-1.783293206106516537e-01
5.161622459657920492e-02
1.717603175534518911e-01
4.259178415207023893e-01
2.328166825943890628e-02
1.163957926076462923e-01
1.076172994240006814e-01
-1.201823518199767044e-01
-1.157037982313750685e-01
-3.663345996101832203e-01
4.997202210127303923e-01
6.308264005591310841e-01
6.545362266184316935e-01
6.242162978665788398e-01
7.636638022353567923e-01
3.243821205616158054e-01
6.770036697656530711e-01
5.769374600542038767e-01
8.000557979817641829e-01
8.362505674914597620e-01
6.050139913697633043e-01
6.561415017468424926e-01
6.456579732312249797e-01
5.422767574300818572e-01
-4.987113733964777806e-02
-9.944111093078746022e-02
1.989712907615614479e-01
-6.369144547384340826e-02
-1.473396558158977798e-02
1.937346539263056222e-01
-9.862045049065468749e-01
-1.108948946745510700e+00
-1.739398422640707986e+00
-2.239855523623833555e+00
-2.143990746112566459e+00
-3.012266205176752809e+00
-1.656478089797994491e+00
-4.553844064533508207e-01
1.089722366229383954e-01
3.535650410545257971e-01
5.297452570506142600e-01
4.268706224716825592e-01
5.936240844510163317e-01
7.167881109569944620e-01
8.047462566122093319e-01
6.282048155063491013e-01
5.633506814852279332e-01
4.876282404137579074e-01
3.546060098210431777e-01
6.118297044782656791e-01
1.094639175429372585e-01
2.643600741699854151e-01
6.202946414861160163e-01
4.529413422956082291e-01
2.090972222869687536e-01
-1.998850184085300685e-01
7.356937452244435849e-02
1.204431688260880207e-01
5.670788102906439976e-01
5.762047110331298683e-01
6.453292036606994575e-01
7.755266093107264780e-01
6.362991746673982707e-01
5.915886970367985054e-01
7.328664144696410698e-01
6.573822741970762884e-01
4.053194256101394499e-01
-1.972218015736762142e+00
-1.756261248622444926e+00
-2.050520337170474772e+00
-1.596518744528440781e+00
-2.055851596192965314e+00
-1.752041471385650029e+00
-2.037701143161852357e+00
-1.536941099731887084e+00
-1.934661629250842063e+00
-1.812664214622485614e+00
-2.014009537619711132e+00
-2.267224631345678088e+00
-2.755808670019922690e+00
-2.488340111727713300e+00
-2.836167685808766326e+00
-2.811455621271050198e+00
-3.134680174179673706e+00
-3.753759088452896631e+00
-3.996347568885352697e+00
-4.105045815047814628e+00
-4.802398071516091882e+00
-2.397457292860572853e+00
-1.944623535276400750e+00
-1.499654364131483675e+00
-2.209337809308113076e+00
-1.632574078621089386e+00
-2.619880928530955444e+00
-2.331351161372170466e+00
-2.007801863347108196e+00
-3.015563297057178627e+00
-2.347597502488572019e+00
-1.958874442810082828e+00
-1.695198294774224346e+00
-1.742764290483340917e+00
-1.870411932560775092e+00
-1.745469505505893082e+00
-2.185611292361459679e+00
-2.046583204359126995e+00
-1.801649137343801277e+00
-1.799407098243270831e+00
-1.866896460774888800e+00
-1.627186360853942970e+00
-1.349486088625021951e+00
-1.467578344234500509e+00
-1.487621511469646496e+00
-1.255995485014999469e+00
-1.138687157428047714e+00
-9.925659558422721407e-01
-1.153249308631994818e+00
-1.198028587665123545e+00
-1.279554215912214188e+00
-1.319171909070866233e+00
-1.305643007623453755e+00
-1.312475566197478516e+00
-2.426516713439391904e+00
-2.557717403150774338e+00
-1.970272069131884907e+00
-1.507632103952611713e+00
-1.558882458782458569e+00
-1.420220702966073834e+00
-1.040680645082218359e+00
-1.111540909282499712e+00
-1.090713585685316955e+00
-1.153378871077831658e+00
-1.068935791117455736e+00
-1.603159626840100938e+00
-2.098683914863594957e+00
-1.409867145540172784e+00
-1.200282694547213591e+00
-1.727314815249350932e+00
-1.732976695594443672e+00
-1.956663272596659953e+00
-2.614508884397519939e+00
-2.530909354723754667e+00
-2.074506641056699685e+00
-2.163143307381372615e+00
-2.066922878197430702e+00
-1.755982317497519096e+00
-1.644499106835387803e+00
-1.467105897694792827e+00
-1.266811824812813736e+00
-1.566132936528599195e+00
-1.574664446959894271e+00
-1.959203357240233201e+00
-1.628841446622450784e+00
-1.873120919704804876e+00
-1.323018144164174403e+00
-1.340841004545596293e+00
-1.665820596812520593e+00
-1.223396014395949027e+00
-1.958441697596908115e+00
-1.397593011782500172e+00
-1.117460730473887942e+00
-2.131075109083898411e+00
-1.739228218990765740e+00
-1.624664690956559410e+00
-1.337671299180722029e+00
-1.554578249316932004e+00
-2.224104842284568395e+00
-1.734800626236880694e+00
-1.542467631355601165e+00
-1.518127662100962283e+00
-1.775477107601100890e+00
-1.607331607041428079e+00
-2.831261572081626987e+00
-3.296826661387406432e+00
-3.485835600219917563e+00
-1.992272466859280611e+00
-1.597417873570608382e+00
-1.309509107344992485e+00
-1.019732949506627406e+00
-1.307034826851896980e+00
-2.133137162501316464e+00
-3.074127745168442338e+00
-4.587491661346255079e+00
-5.370569480661292694e+00
-4.440765240347118947e+00
-4.287516175075706037e+00
-4.020381992677415361e+00
-3.803763556902726162e+00
-3.472423257877371938e+00
-3.748498516583546269e+00
-3.278217450363859697e+00
-3.432732138142515321e+00
-3.274159654159569666e+00
-2.808102114800786975e+00
-2.585402276490225582e+00
-2.390720023417741036e+00
-2.534333083468096159e+00
-2.228266805411427853e+00
-2.655429835923280635e+00
-2.350705410592206057e+00
-2.349103370385212664e+00
-2.570928195713171771e+00
-2.858633611604269209e+00
-3.370975182539093229e+00
-3.937433741025718970e+00
-4.013592554553059522e+00
-3.744606884216521880e+00
-3.722729439918535554e+00
-3.430388966014473962e+00
-2.970289358930618739e+00
-2.946833733650344733e+00
-2.690374235349865195e+00
-2.822310232613431946e+00
-2.689233099391850068e+00
-2.522128796676229356e+00
-2.335514115562521198e+00
-2.720434671323201936e+00
-2.779025247666845111e+00
-3.141539660678292822e+00
-3.284118912801087031e+00
-2.691527308128357276e+00
-2.685841297610123579e+00
-2.869093442698261498e+00
-2.757777597654161639e+00
-3.002069694393644905e+00
-3.439536104571807584e+00
-3.354973522170721090e+00
-3.093255849659676482e+00
-2.784067562283801145e+00
-3.047445712382845784e+00
-3.344196079396502874e+00
-3.151047380322403946e+00
-2.634101901011345337e+00
-2.586075924457115871e+00
-2.318870944718930183e+00
-2.579816336948127731e+00
-3.001717336519071466e+00
-2.184408369575904008e+00
-1.936668229195466440e+00
-2.019329111552654155e+00
-1.798181952199420230e+00
-1.861403882625388029e+00
-1.806112848162916729e+00
-1.514151688335870771e+00
-1.746870585738465653e+00
-1.530488750553380406e+00
-1.336417671137540397e+00
-1.410033434721772450e+00
-1.220068951678852764e+00
-1.048498816423130142e+00
-1.073574784272431026e+00
-1.175654289530129182e+00
-9.750256167699342669e-01
-1.641203799447235712e+00
-1.287868879667665389e+00
-1.524973494845603517e+00
-1.005724204535326516e+00
-1.282568573827169489e+00
-1.151732103520500150e+00
-1.147985392662541626e+00
-8.914347559948408994e-01
-8.917875074242958000e-01
-1.084107855214122562e+00
-1.173783604128739277e+00
-1.649888153403409996e+00
-1.253470529121829546e+00
-8.885116191439056399e-01
-1.248337515930878716e+00
-9.225901012844595073e-01
-1.106339745141193598e+00
-9.114519042993918241e-01
-7.576108009320500214e-01
-6.227929067240566274e-01
-7.405848261219016848e-01
-6.710125664891818387e-01
-5.432104785394813451e-01
-5.907771858349254446e-01
-7.223158245282014223e-01
-5.125706065285792201e-01
-5.742941123086179322e-01
-6.221867188714297336e-01
-1.303094262869242792e+00
-1.999154273885524580e+00
-2.069559905806373834e+00
-1.441468258871267727e+00
-1.787975859816836266e+00
-1.218832362837890537e+00
-8.749594898405544940e-01
-8.309984037376724197e-01
-9.117275215815290323e-01
-5.909146337051258691e-01
-6.974022809971552883e-01
-2.810458029839977279e-01
-5.223092402825780800e-01
-6.116050714587459858e-01
-2.893879259340939036e-01
-2.976573179780050427e-01
-4.493827796606802427e-01
-3.728952817420242427e-01
-1.470598932804956793e-01
-3.086583894789056703e-01
-6.477021088880831057e-01
-6.144263975956818502e-01
-1.394674487998164958e+00
-8.671574756672961737e-01
-6.687220473126127551e-01
-5.886112120418969251e-01
-6.787085872849067947e-01
-7.676647266048929330e-01
-8.253670383968683133e-01
-7.824515072755542366e-01
-7.047757711358213495e-01
-5.619499653175261678e-01
-6.862199492725842287e-01
-2.319039756341035874e-01
-3.105836003437852377e-01
-9.541115307897740649e-01
-6.286277233571851975e-01
-1.791297442569232734e+00
-9.313931765938490148e-01
-5.820759456231129336e-01
-7.298143159478349684e-01
-6.544674839095465657e-01
-1.965998728204163548e-01
-4.273200747717774139e-01
-7.526753006582874717e-01
-4.512464065068185204e-01
-1.976883714404830128e-01
-5.180547780204337871e-02
-4.680477814433619543e-01
-8.211416489657266116e-01
-1.386386855566226206e+00
-2.352799004273064210e+00
-2.642508553982255926e+00
-1.295819671144554874e+00
-5.757694042113873367e-01
-6.374483082451231075e-01
-1.921458120048125773e+00
-2.666122304022243483e+00
-5.482588966186118462e+00
-4.743750133046316542e+00
-4.315742982171205000e+00
-4.164524891397994644e+00
-3.640231233652316156e+00
-4.061003072759691968e+00
-3.495512888698407927e+00
-3.126083132793749719e+00
-3.259116993977890786e+00
-2.880862482591677765e+00
-2.623703587158801920e+00
-2.699251835565179114e+00
-2.285422988358365437e+00
-2.043680118028798898e+00
-1.043850400561128655e+00
-3.235362454947876554e-01
-3.229219155576022460e-01
-2.418310745469733070e-02
3.892964732535522665e-01
5.438572710509057551e-01
4.406510179107680503e-01
-5.218821177165435810e-01
-2.566000494643577712e-01
-3.017732688320882706e-01
-1.469573724107832380e+00
-2.195898681816309761e+00
-3.199217541134505183e+00
-5.152888400659829671e+00
-2.449880401710935018e+00
-1.229806990915779830e+00
-5.530207425918327591e-01
-3.458445948903057787e-01
-1.177197940178955210e-01
2.036851764796344388e-01
1.534194400142637471e-01
6.976493435787359254e-02
6.671122441743354559e-02
2.760831906481776010e-01
3.950737836402017367e-01
-1.366740876245576275e-01
-5.054603453342586539e-01
-1.201303435375999706e+00
-1.754247740863686511e+00
-2.190627693845216495e+00
-2.203562056154973359e+00
-1.720180427786273114e+00
-1.380680449595290460e+00
-1.397868703218408504e+00
-2.373406254564164541e+00
-1.361463398122434665e+00
-5.476358888083924237e-01
-3.146122875176633471e-01
3.603132500720823694e-01
1.303872694029215018e-02
-6.884070110232011486e-02
-1.043073833922247146e-01
-3.875665722246871558e-01
-3.249992143897034724e-01
-2.331465226544647273e-01
-4.826931859198343999e-03
1.293080831704125633e-01
1.260616967948985923e-01
-2.584457605927532597e-01
-5.983824240348230017e-01
2.609545417240606291e-01
4.878365067278547795e-01
8.293724561044419907e-01
8.984017224405466129e-01
1.012332438368457765e+00
1.058393111063918868e+00
1.174185747081569531e+00
1.076987870655543356e+00
1.367620751136744195e+00
1.299591287812868146e+00
1.259728813036991246e+00
1.278808685537808465e+00
1.380773454438207537e+00
1.236474051405679564e+00
1.270113866212105425e+00
1.361403538543515257e+00
1.582592436063490204e+00
1.545909250719429195e+00
1.761099690124261041e+00
1.851450969685054293e+00
1.836661858843574358e+00
1.405695047241307893e+00
1.847895054806517612e+00
1.569682724429549925e+00
1.401347648756001263e+00
1.383185961974172873e+00
1.210600311858361477e+00
1.353080835697659134e+00
1.353658663708881216e+00
1.453883783055280432e+00
1.465670389792755657e+00
1.817637017631088536e+00
1.573076662233193090e+00
1.227827321681675299e+00
9.942283159981069041e-02
-1.538408104511909791e+00
-3.402118512008809770e+00
-3.188094204307498014e+00
-3.783896076297278199e+00
-8.278670819819466953e-01
5.641311779671315252e-02
-4.966143636391535943e-02
-1.081387369683933786e-02
2.596619012164507745e-01
2.937969820230091900e-01
4.352383895144467663e-01
3.813422260449079171e-01
-8.033192355612774060e-02
6.149227020421334233e-02
-1.614747239972260107e-01
9.385253544123470237e-02
3.331233559260310395e-01
-2.477893830635490846e-01
-5.708617534683367856e-01
-2.822809347943709690e-02
5.224130799873060171e-01
6.558686557663279126e-01
4.331494440171733684e-01
5.231423578181837453e-01
5.204783394262246787e-01
9.623967272771192238e-01
9.562898252080511696e-01
1.241041525729914330e+00
1.180307122719373103e+00
7.190021601966981590e-01
1.059542951116249965e+00
1.374830287398014939e+00
1.279581032257767426e+00
9.414219355386995725e-01
8.116073874390832277e-01
8.773473713147763586e-01
1.091032595728739230e+00
9.783763745455085203e-01
1.020530405317204181e+00
1.382338242295265474e+00
1.306740323051572616e+00
1.235700949956437311e+00
1.406118137630660847e+00
1.304268367501862258e+00
6.882622608676963738e-01
1.115244055208824081e+00
9.412965345435803100e-01
-1.220291494947002064e+00
-1.035858025832631313e+00
-1.096947423401189559e+00
-1.197226695796155399e-01
-8.495019833375194729e-01
1.816656135287027518e-01
2.374692777291380619e-01
3.960489657722129908e-01
8.055941833992656953e-01
7.796205137833857046e-01
1.068077526404492827e+00
1.345455331183510461e+00
1.279624643255392602e+00
7.965849166437977136e-01
8.022402179291091562e-01
5.625977590840084419e-01
-6.437614075417874560e-01
-1.295574456677870412e+00
-2.790403601163714331e+00
-2.499490817341572857e+00
-5.814439112621712091e-01
-2.346991347775565284e+00
-2.934902926246452548e+00
-1.712148571026147481e+00
-1.366127206447097064e+00
-2.402743822074764779e+00
-3.512363364726956316e+00
-2.064081673551430018e+00
-1.464043694264824724e+00
-1.058756298499790027e+00
-4.158462581325800822e-01
-1.345560143128893271e-01
-4.642721416660359757e-01
-7.568299980359417534e-01
-8.337161435302419266e-01
-1.699560603628037514e-01
1.457141594566808140e-01
4.520429125932916015e-01
7.006259233934363229e-01
7.850850199844459087e-01
8.424265192299768001e-01
7.445684869040586351e-01
8.166334697758743655e-01
2.951595875088741661e-01
4.082321422283251566e-01
-1.522292464568678061e-01
3.542227879638396026e-01
3.328525699336483679e-01
2.311812489780819546e-01
4.244303689951341441e-01
6.076917805422689112e-01
8.810786415524461956e-01
5.281121812844715713e-01
1.103035829208358631e+00
7.742964383006802898e-01
7.097155571916308192e-01
4.184424078438237493e-01
3.613795608696731554e-01
2.438233129756263717e-01
2.542111913717019500e-01
-6.501531144620111002e-02
-1.350191604047153104e+00
-9.534609580810293750e-01
-2.045058250989555848e+00
-2.388938708853787674e+00
-1.409272069112714965e+00
-9.451359593314030416e-01
-1.111024861361626703e+00
-2.557536272975387881e+00
-9.229116600175166774e-01
-1.661457794491334239e+00
-2.203056891587376942e+00
-8.133201719562522802e-01
-5.663810279719193597e-01
-6.075089445515365894e-01
-6.506615189697907420e-01
-1.285215990322273960e+00
-9.869310406390736645e-01
-2.824988364451147538e-01
-1.114252410438002494e+00
-1.473577888121726076e+00
-2.260181270857474889e+00
-1.703842805222191226e+00
-1.867771010954369704e+00
-1.093024480174807023e+00
-2.727287301735814573e+00
-1.255432351780576328e+00
-2.024439406283621956e+00
-1.683533707507410382e+00
-2.720558557745171857e-01
6.761026619670233995e-01
6.552290464028728278e-01
8.774342559021017784e-01
7.421510162434679092e-01
6.940587266447346693e-01
-3.056941620089292377e-01
-1.133321526578295213e+00
-5.034362778190950571e-01
3.964700460052404396e-01
7.550814865002594134e-01
6.079178694737559230e-01
-1.253262789337584504e+00
-1.837904138278538824e-01
3.985846649906025219e-01
5.183241243069286464e-01
9.126245716432825894e-01
8.489523937390431874e-01
1.046451097946675679e+00
9.954251053243665659e-01
9.682458936600979449e-01
1.028750249476854339e+00
1.063886897176197444e+00
9.373843350422191856e-01
9.956141163042668829e-01
6.102210024460160698e-01
-1.481898652308288322e-01
7.394016226005022119e-02
6.161003160179731042e-01
9.221346342624086034e-01
4.587812609024257693e-01
-3.775228934465867936e-01
-3.062589959944913787e+00
-2.121705970811927688e+00
-1.069735840107352010e+00
-1.615605393266863254e+00
-1.681840279373220115e-01
1.469023249014275723e-02
-6.155724114323789242e-02
-6.057609484317465487e-01
-5.138939669108436581e-01
-4.639826545527597212e-01
-8.804585341179194113e-01
3.706056472866357809e-02
4.505379456714035391e-01
1.699061739166528862e-01
3.198058396402498893e-01
5.671147708833029766e-01
5.565908815637086171e-01
7.218635735302937340e-01
1.521490480546133228e-01
-8.860245140360211158e-01
-2.868642523756282370e-01
-1.357060713764468129e+00
-2.105828438039735850e+00
-2.524430823247171940e+00
-6.018729472376521672e-01
-2.028870962616919016e+00
-9.998198366035414286e-02
2.728077915984271073e-01
6.730865621874342342e-01
5.146971368259528612e-01
5.262984723385859542e-01
4.877227338074561769e-01
9.633562077644375332e-03
4.081608586466554112e-01
5.879612778668168449e-01
-2.392816064259607745e-02
-7.998003302001521764e-01
-3.943516230578332227e-01
1.026568500335080514e-01
-4.649989509690850009e-01
-2.170714006472963309e+00
-4.655442933150222840e-01
-1.270843615744199129e+00
-1.146546378515960612e-01
4.018217518434498703e-01
1.079775660320424713e+00
7.936740465556545443e-01
7.139859381101042457e-01
-8.915486224509270308e-01
-2.385048951502906078e-01
6.171365006226090522e-01
-4.886414626696526653e-02
-1.429999732963031622e+00
-8.399330074304646454e-02
-2.959589709110793110e-01
-9.337654987423404940e-01
4.018232230846536801e-01
2.015475127772429764e-01
-1.873061591933166126e+00
-1.702165872975426986e+00
-3.293325307022478388e+00
-2.620771427166730394e+00
-1.110831879244573939e+00
-1.617644087136056230e+00
-1.275616768020928715e+00
-1.071020950043388709e+00
-9.422806048958065617e-01
-8.424422522614265496e-01
-6.677026767745785074e-01
-4.572064685871612411e-01
-9.139766621046447881e-01
-1.420074758006950599e-01
-3.242948786683050866e-01
3.822422938883236754e-02
1.444244077320896436e-01
2.383929419462330057e-02
-5.180355413656011487e-01
-1.982674097676573322e-01
-6.354205297238159078e-01
-1.484885952059963987e+00
-3.310272865190067582e-01
-6.743823211338132451e-01
-6.942964672612055299e-01
-3.379045381895128819e-01
-9.489774830794530658e-01
-7.049094742322272733e-01
-2.703243752897602215e-01
3.216150935739121031e-01
6.324337614775331629e-01
7.194412193541637190e-01
5.802164657372442802e-01
6.766605714538742600e-01
1.021014805747895021e-01
-1.685277146926694170e-01
-1.590004395591035347e-01
-5.812659106808960585e-01
-2.922105649110600112e-01
6.503291631250199267e-03
1.530224616574817342e-01
-1.178795421951592676e-01
-4.036563252390727441e-01
-5.767633487606996789e-01
-2.971996694645957060e+00
-4.321836936540177199e+00
-3.959324671187486988e+00
-3.859632279192697801e+00
-3.623087673747163340e+00
